0,493
0,492
0,491
0,490
0,489
0,488
0,487
0,486
0,485
0,484
0,483
0,482
0,481
0,480
0,479
0,478
56,4
0,477
0,476
0,475
56,3
56,2
0,474
56,1
56,0
0,473
0,472
0,471
0,243
55,3
55,2
0,470
55,1
55,0
0,469
54,4
0,468
0,467
0,466
54,3
54,2
0,465
54,1
54,0
0,464
0,463
0,462
53,3
53,2
0,461
53,1
53,0
0,460
0,459
52,3
52,2
0,458
52,1
52,0
0,457
0,456
0,455
0,454
51,5
51,4
51,3
51,2
51,1
51,0
50,3
50,2
50,1
50,0
49,4
49,3
49,2
49,1
49,0
48,3
48,2
48,1
48,0
0,453
0,452
0,451
0,450
0,449
0,448
0,447
0,386
0,278
0,9
10,96
10,102
10,140
10,226
10,298
10,260
10,278
9,4
9,2
9,3
8,15
8,14
8,11
8,2
8,3
41,4
41,3
41,2
41,1
41,0
40,3
40,2
40,1
